Interest
416.667
416.166
415.663
415.158
414.652
414.142
413.631
413.118
412.603
412.085
411.565
411.043
410.519
409.993
409.465
408.934
408.401
407.866
407.329
406.789
406.247
405.703
405.157
404.608
404.057
403.504
402.949
402.391
401.831
401.268
400.704
400.136
399.567
398.995
398.421
397.844
397.265
396.683
396.1
395.513
394.924
394.333
393.74
393.143
392.545
391.944
391.34
390.734
390.125
389.514
388.9
388.284
387.665
387.043
386.419
385.792
385.163
384.531
383.897
383.26
382.62
381.977
381.332
380.684
380.034
379.38
378.724
378.066
377.404
376.74
376.073
375.403
374.73
374.055
373.377
372.696
372.012
371.325
370.636
369.943
369.248
368.55
367.849
367.145
366.438
365.728
365.015
364.299
363.58
362.858
362.133
361.405
360.675
359.941
359.204
358.464
357.72
356.974
356.225
355.472
354.717
353.958
353.196
352.431
351.663
350.891
350.116
349.338
348.557
347.773
346.985
346.194
345.4
344.602
343.801
342.997
342.189
341.379
340.564
339.746
338.925
338.101
337.273
336.441
335.606
334.768
333.926
333.081
332.232
331.379
330.523
329.664
328.801
327.934
327.063
326.189
325.312
324.43
323.546
322.657
321.765
320.868
319.969
319.065
318.158
317.247
316.332
315.413
314.491
313.564
312.634
311.7
310.762
309.82
308.874
307.924
306.971
306.013
305.051
304.085
303.116
302.142
301.164
300.182
299.196
298.206
297.212
296.213
295.211
294.204
293.193
292.178
291.159
290.135
289.107
288.075
287.039
285.998
284.953
283.903
282.85
281.791
280.729
279.662
278.59
277.514
276.434
275.349
274.259
273.165
272.067
270.964
269.856
268.744
267.627
266.505
265.379
264.248
263.112
261.971
260.826
259.676
258.521
257.362
256.197
255.028
253.854
252.675
251.491
250.302
249.108
247.91
246.706
245.497
244.283
243.064
241.84
240.611
239.377
238.138
236.893
235.643
234.388
233.128
231.863
230.592
229.316
228.035
226.748
225.456
224.159
222.856
221.548
220.234
218.915
217.591
216.261
214.925
213.584
212.237
210.884
209.526
208.163
206.793
205.418
204.037
202.651
201.258
199.86
198.456
197.046
195.631
194.209
192.781
191.348
189.908
188.463
187.011
185.554
184.09
182.621
181.145
179.663
178.175
176.68
175.18
173.673
172.16
170.64
169.114
167.582
166.044
164.499
162.948
161.39
159.825
158.255
156.677
155.093
153.503
151.906
150.302
148.691
147.074
145.45
143.819
142.182
140.538
138.886
137.228
135.563
133.891
132.213
130.527
128.834
127.134
125.427
123.713
121.991
120.263
118.527
116.784
115.034
113.277
111.512
109.74
107.96
106.174
104.379
102.577
100.768
98.9511
97.1266
95.2945
93.4548
91.6075
89.7524
87.8896
86.0191
84.1407
82.2546
80.3605
78.4586
76.5488
74.631
72.7052
70.7713
68.8295
66.8795
64.9214
62.9552
60.9807
58.998
57.0071
55.0079
53.0003
50.9844
48.9601
46.9273
44.8861
42.8364
40.7781
38.7113
36.6358
34.5517
32.4589
30.3574
28.2471
26.1281
24.0002
21.8634
19.7177
17.5631
15.3996
13.227
11.0453
8.8546
6.65474
4.44571
2.22748
