Principal Paid
120.155
120.656
121.158
121.663
122.17
122.679
123.19
123.704
124.219
124.737
125.256
125.778
126.302
126.829
127.357
127.888
128.421
128.956
129.493
130.032
130.574
131.118
131.665
132.213
132.764
133.317
133.873
134.431
134.991
135.553
136.118
136.685
137.255
137.827
138.401
138.978
139.557
140.138
140.722
141.308
141.897
142.488
143.082
143.678
144.277
144.878
145.482
146.088
146.697
147.308
147.922
148.538
149.157
149.778
150.402
151.029
151.658
152.29
152.925
153.562
154.202
154.844
155.49
156.137
156.788
157.441
158.097
158.756
159.418
160.082
160.749
161.419
162.091
162.767
163.445
164.126
164.81
165.496
166.186
166.878
167.574
168.272
168.973
169.677
170.384
171.094
171.807
172.523
173.242
173.963
174.688
175.416
176.147
176.881
177.618
178.358
179.101
179.847
180.597
181.349
182.105
182.864
183.626
184.391
185.159
185.931
186.705
187.483
188.264
189.049
189.837
190.628
191.422
192.219
193.02
193.825
194.632
195.443
196.257
197.075
197.896
198.721
199.549
200.38
201.215
202.054
202.896
203.741
204.59
205.442
206.298
207.158
208.021
208.888
209.758
210.632
211.51
212.391
213.276
214.165
215.057
215.953
216.853
217.757
218.664
219.575
220.49
221.409
222.331
223.257
224.188
225.122
226.06
227.002
227.948
228.897
229.851
230.809
231.771
232.736
233.706
234.68
235.658
236.639
237.625
238.616
239.61
240.608
241.611
242.617
243.628
244.643
245.663
246.686
247.714
248.746
249.783
250.824
251.869
252.918
253.972
255.03
256.093
257.16
258.231
259.307
260.388
261.473
262.562
263.656
264.755
265.858
266.966
268.078
269.195
270.317
271.443
272.574
273.71
274.85
275.995
277.145
278.3
279.46
280.624
281.793
282.968
284.147
285.331
286.519
287.713
288.912
290.116
291.325
292.539
293.757
294.981
296.211
297.445
298.684
299.929
301.178
302.433
303.693
304.959
306.229
307.505
308.787
310.073
311.365
312.663
313.965
315.274
316.587
317.906
319.231
320.561
321.897
323.238
324.585
325.937
327.295
328.659
330.028
331.404
332.784
334.171
335.563
336.962
338.366
339.775
341.191
342.613
344.04
345.474
346.913
348.359
349.81
351.268
352.731
354.201
355.677
357.159
358.647
360.141
361.642
363.149
364.662
366.181
367.707
369.239
370.778
372.323
373.874
375.432
376.996
378.567
380.144
381.728
383.319
384.916
386.52
388.13
389.747
391.371
393.002
394.64
396.284
397.935
399.593
401.258
402.93
404.609
406.295
407.988
409.688
411.395
413.109
414.83
416.559
418.294
420.037
421.787
423.545
425.31
427.082
428.861
430.648
432.442
434.244
436.054
437.871
439.695
441.527
443.367
445.214
447.069
448.932
450.803
452.681
454.567
456.461
458.363
460.273
462.191
464.116
466.05
467.992
469.942
471.9
473.866
475.841
477.824
479.815
481.814
483.821
485.837
487.862
489.894
491.936
493.985
496.044
498.11
500.186
502.27
504.363
506.464
508.575
510.694
512.821
514.958
517.104
519.258
521.422
523.595
525.776
527.967
530.167
532.376
534.594
